DocId	Topic 0	Topic 1	Topic 2	Topic 3	Topic 4	Topic 5
0	0.23799334284355683	0.07156443176414647	0.19044222539229674	0.14289110794103663	0.07156443176414647	0.28554446029481695
1	0.08837345860246625	0.14709336465061656	0.00029359953024075166	0.2058132706987669	0.26453317674691723	0.2938931297709924
2	0.1951011455032903	0.18291494028759445	0.15854252985620276	0.12198391420911528	0.1707287350718986	0.1707287350718986
3	0.00036954915003695497	0.00036954915003695497	0.00036954915003695497	0.5177383592017739	0.22209903917220994	0.25905395417590543
4	0.17389418907198614	0.0004336513443191675	0.043798785776235916	0.043798785776235916	0.5208152645273202	0.2172593235039029
5	0.0004336513443191675	0.43408499566348663	0.17389418907198614	0.0004336513443191675	0.2172593235039029	0.17389418907198614
6	0.06906648294867378	0.06906648294867378	0.17240785394419564	0.3790905959352394	0.25852566310713054	0.0518429211160868
7	0.1305290546400694	0.0004336513443191675	0.043798785776235916	0.3907198612315699	0.17389418907198614	0.2606244579358196
8	0.04197838736492104	0.2497921862011638	0.33291770573566093	0.00041562759767248557	0.2497921862011638	0.12510390689941814
9	0.0003837298541826554	0.42248656945510354	0.3073676132003069	0.23062164236377589	0.03875671527244819	0.0003837298541826554
10	0.08343736995422388	0.08343736995422388	0.12505201831044527	0.18747399084477734	0.12505201831044527	0.3955472326258843
11	0.3568711364717071	0.00023775558725630056	0.2617689015691869	0.11911554921540657	0.11911554921540657	0.14289110794103663
12	0.5349251603706342	0.24982181040627222	0.1785459729151817	0.035994297933000706	0.0003563791874554525	0.0003563791874554525
13	0.17240192704748797	0.2756366139022712	0.24122505161734345	0.1035788024776325	0.1035788024776325	0.1035788024776325
14	0.02880775812892185	0.00028522532800912725	0.22846548773531092	0.00028522532800912725	0.7133485453508273	0.02880775812892185
15	0.17645331767469175	0.02965355255431592	0.11773341162654141	0.4113329418672931	0.11773341162654141	0.14709336465061656
16	0.1590960708607767	0.02282534635475811	0.1590960708607767	0.3180785827844651	0.10231660231660229	0.2385873268226209
17	0.04460719041278296	0.11118508655126498	0.0889924545051043	0.24434087882822905	0.44407456724367517	0.06679982245894363
18	0.15748465291988037	0.149614355422635	0.32276090036203364	0.2676688178813159	0.07878167794742641	0.023689595466708638
19	0.06471345782356729	0.09690920798454604	0.22569220862846104	0.5154539600772698	0.06471345782356729	0.03251770766258854
20	0.09104658197217182	0.00030248033877797946	0.18179068360556566	0.3027828191167575	0.06079854809437387	0.3632788868723533
21	0.0004336513443191674	0.26062445793581956	0.26062445793581956	0.4774501300954032	0.0004336513443191674	0.0004336513443191674
22	0.12507797878976917	0.3434185901434809	0.09388646288209605	0.00031191515907673113	0.3122270742358078	0.12507797878976917
23	0.15441716889607526	0.19116566220784947	0.13236807290901073	0.16176686755843012	0.1103189769219462	0.24996325150668822
24	0.2271078875793291	0.2271078875793291	0.0004533091568449683	0.0004533091568449683	0.0004533091568449683	0.5444242973708069
25	0.23062164236377589	0.38411358403683804	0.11550268610897926	0.0003837298541826554	0.0003837298541826554	0.2689946277820414
26	0.0002698327037236913	0.48596869940636805	0.16216945493793847	0.0002698327037236913	0.35105234754452236	0.0002698327037236913
27	0.0005246589716684155	0.21038824763903463	0.2628541448058762	0.0005246589716684155	0.21038824763903463	0.31532004197271774
28	0.33296378418329636	0.14818920916481892	0.0003695491500369549	0.11123429416112343	0.3699186991869919	0.037324464153732445
29	0.3168533852898198	0.00024354603019970778	0.2194349732099367	0.2194349732099367	0.14637116415002438	0.09766195811008281
30	0.1251039068994181	0.24979218620116375	0.1251039068994181	0.00041562759767248546	0.49916874480465506	0.00041562759767248546
31	0.2332002661343979	0.16666666666666669	0.0003326679973386561	0.2332002661343979	0.16666666666666669	0.1999334664005323
32	0.2756366139022712	0.1035788024776325	0.0003441156228492774	0.13799036476256024	0.24122505161734345	0.24122505161734345
33	0.00032195750160978755	0.16130070830650356	0.1934964584674823	0.16130070830650356	0.22569220862846107	0.2578879587894398
34	0.315554387808723	0.0790856542301629	0.23673147661586966	0.10535995796111401	0.0002627430373095113	0.26300578034682076
35	0.20822942643391518	0.04197838736492103	0.0004156275976724854	0.04197838736492103	0.0004156275976724854	0.7069825436408977
36	0.10545645330535151	0.0005246589716684155	0.10545645330535151	0.21038824763903463	0.0005246589716684155	0.5776495278069256
37	0.14288626172034244	0.3059518956379943	0.040970240521810024	0.00020383204239706482	0.3467183041174073	0.1632694659600489
38	0.0007112375533428165	0.0007112375533428165	0.07183499288762447	0.569701280227596	0.21408250355618777	0.1429587482219061
39	0.17923816707524043	0.15095229115594946	0.24523854422025265	0.10380916462379783	0.17923816707524043	0.14152366584951911
40	0.35673556664290806	0.03599429793300071	0.10727013542409124	0.24982181040627227	0.24982181040627227	0.0003563791874554526
41	0.38815060908084165	0.055924695459579184	0.16666666666666666	0.0005537098560354375	0.0005537098560354375	0.38815060908084165
42	0.16279609846725498	0.06990246168137482	0.046679052484904775	0.00023223409196470042	0.3021365536460752	0.41825359962842545
43	0.10006660006660006	0.16666666666666666	0.05011655011655011	0.29986679986679987	0.0001665001665001665	0.38311688311688313
44	0.07901656586905074	0.2499342624244018	0.17104917170654746	0.06586905074940835	0.2367867473047594	0.19734420194583224
45	0.37461010605115413	0.1250779787897692	0.0003119151590767312	0.21865252651278855	0.28103555832813476	0.0003119151590767312
46	0.00030248033877797946	0.18179068360556566	0.030550514216575928	0.1515426497277677	0.2725347852389595	0.3632788868723533
47	0.16901210244863496	0.07050379960596678	0.08457641429777651	0.08457641429777651	0.2534477905994934	0.33788347875035185
48	0.05145929339477727	0.23067076292882746	0.2818740399385561	0.1026625704045059	0.23067076292882746	0.1026625704045059
49	0.00026983270372369137	0.24311926605504589	0.13518618456556936	0.027253103076092827	0.5129519697787372	0.08121964382083109
50	0.0003990422984836393	0.2398244213886672	0.16001596169193935	0.0003990422984836393	0.5989624900239425	0.0003990422984836393
51	0.024013314312886353	0.3806466951973372	0.11911554921540655	0.0002377555872563005	0.1428911079410366	0.333095577746077
52	0.10229467227081679	0.23861183687379306	0.14205384528001821	0.21021242758150632	0.21021242758150632	0.09661479041235944
53	0.10915365056302216	0.03650563022157646	0.6540138031238649	0.01834362513621504	0.09099164547766074	0.09099164547766074
54	0.0004533091568449682	0.0004533091568449682	0.0004533091568449682	0.2724388032638259	0.0004533091568449682	0.7257479601087942
55	0.2996011964107677	0.15004985044865404	0.0004985044865403789	0.3494516450648056	0.19990029910269191	0.0004985044865403789
56	0.0008291873963515756	0.7470978441127696	0.0008291873963515756	0.0008291873963515756	0.24958540630182421	0.0008291873963515756
57	0.30145892800507457	0.15873771011734858	0.15873771011734858	0.1111639708214399	0.22216936251189345	0.04773231842689502
58	0.0005246589716684155	0.5776495278069256	0.0005246589716684155	0.15792235047219308	0.2628541448058762	0.0005246589716684155
59	0.1112956810631229	0.2774086378737541	0.3881506090808416	0.16666666666666663	0.05592469545957918	0.0005537098560354374
60	0.2748377433849226	0.07513729405891163	0.10009985022466301	0.22491263105341988	0.22491263105341988	0.10009985022466301
61	0.6075455333911535	0.1738941890719861	0.0004336513443191674	0.1738941890719861	0.0437987857762359	0.0004336513443191674
62	0.23320026613439787	0.26646706586826346	0.03359946773120426	0.23320026613439787	0.23320026613439787	0.00033266799733865603
63	0.08716392020815265	0.2172593235039029	0.2172593235039029	0.043798785776235916	0.17389418907198614	0.2606244579358196
64	0.2640407086317377	0.22634753109687147	0.132114587259706	0.11326799849227291	0.11326799849227291	0.1509611760271391
65	0.3075297733384557	0.19227814060699194	0.2114867460622359	0.00019208605455243953	0.19227814060699194	0.09623511333077218
66	0.0004533091568449683	0.0004533091568449683	0.3631006346328196	0.3177697189483228	0.3177697189483228	0.0004533091568449683
67	0.12011173184357543	0.35953711093375906	0.12011173184357543	0.00039904229848363934	0.1999201915403033	0.1999201915403033
68	0.0005246589716684155	0.052990556138509975	0.21038824763903463	0.3677859391395593	0.052990556138509975	0.31532004197271774
69	0.38034188034188043	0.00047483380816714163	0.00047483380816714163	0.3328584995251663	0.19040835707502377	0.09544159544159546
70	0.15387567152724485	0.19224865694551038	0.0003837298541826555	0.30736761320030703	0.15387567152724485	0.19224865694551038
71	0.16666666666666666	0.1251039068994181	0.49916874480465506	0.08354114713216958	0.1251039068994181	0.00041562759767248546
72	0.2332002661343979	0.16666666666666669	0.10013306719893547	0.10013306719893547	0.2997338656021291	0.10013306719893547
73	0.032517707662588546	0.00032195750160978755	0.00032195750160978755	0.3222794591113973	0.4832582099162911	0.16130070830650356
74	0.1817769718948323	0.0004533091568449684	0.0004533091568449684	0.31776971894832284	0.22710788757932915	0.27243880326382597
75	0.19224865694551033	0.49923254029163466	0.0003837298541826554	0.0003837298541826554	0.23062164236377589	0.07712970069071372
76	0.13518618456556936	0.1621694549379385	0.21613599568267677	0.10820291419320023	0.21613599568267677	0.1621694549379385
77	0.2050691244239631	0.10266257040450588	0.40988223246287764	0.0002560163850486431	0.23067076292882743	0.051459293394777256
78	0.025212181727408887	0.0002496255616575137	0.0002496255616575137	0.22491263105341985	0.22491263105341985	0.5244633050424363
79	0.000332667997338656	0.16666666666666663	0.4328010645375914	0.000332667997338656	0.3995342648037258	0.000332667997338656
80	0.2103882476390346	0.0005246589716684154	0.5251836306400839	0.15792235047219305	0.0005246589716684154	0.1054564533053515
81	0.33305601774819743	0.0002773155851358846	0.2775929007210205	0.08347199112590127	0.0002773155851358846	0.30532445923460894
82	0.0003563791874554527	0.10727013542409125	0.21418389166072704	0.21418389166072704	0.39237348538845335	0.07163221667854598
83	0.050720971414115856	0.26574753351884645	0.10131545661522894	0.2025044270174551	0.13926132051606374	0.24045029091828993
84	0.29600886917960095	0.14818920916481895	0.00036954915003695497	0.18514412416851445	0.11123429416112345	0.25905395417590543
85	0.1562597564783016	0.20309085232594443	0.10942866063065874	0.21870121760849204	0.10942866063065874	0.20309085232594443
86	0.2058132706987669	0.00029359953024075166	0.08837345860246625	0.3232530827950676	0.3819729888432179	0.00029359953024075166
87	0.00024354603019970773	0.00024354603019970773	0.6821724305893814	0.00024354603019970773	0.14637116415002435	0.1707257671699951
88	0.2422867513611615	0.27253478523895946	0.1817906836055656	0.0003024803387779794	0.30278281911675736	0.0003024803387779794
89	0.14709336465061654	0.08837345860246622	0.059013505578391065	0.0002935995302407516	0.23517322372284202	0.47005284791544333
90	0.3494516450648056	0.3494516450648056	0.050348953140578266	0.050348953140578266	0.19990029910269191	0.0004985044865403789
91	0.17020824479388016	0.34020399490012754	0.212707182320442	0.12770930726731833	0.14895877603059923	0.0002124946876328092
92	0.0002698327037236913	0.02725310307609282	0.21613599568267672	0.02725310307609282	0.29708580679978414	0.43200215866162983
93	0.00027731558513588466	0.3885191347753744	0.19439822518025515	0.08347199112590128	0.3330560177481975	0.00027731558513588466
94	0.14926931106471816	0.1641813301521026	0.19400536832687146	0.17909334923948703	0.11944527288994929	0.19400536832687146
95	0.0004533091568449684	0.4084315503173165	0.22710788757932915	0.0004533091568449684	0.27243880326382597	0.09111514052583863
96	0.15687426556991774	0.21562867215041126	0.07853505679592636	0.07853505679592636	0.15687426556991774	0.3135526831179005
97	0.5676350431230142	0.0002269632319564231	0.3860644575578757	0.0002269632319564231	0.045619609623241034	0.0002269632319564231
98	0.03251770766258854	0.12910495814552478	0.32227945911139727	0.3866709594333548	0.0003219575016097875	0.12910495814552478
99	0.416458506799889	0.09728004440743825	0.09728004440743825	0.26380793782958645	0.00013877324451845683	0.1250346933111296
100	0.2590539541759054	0.1481892091648189	0.29600886917960084	0.1851441241685144	0.0003695491500369549	0.11123429416112342
101	0.1607206564395291	0.1607206564395291	0.00017838030681412774	0.26774884052800574	0.3212629325722441	0.089368533713878
102	0.0003837298541826553	0.8445894090560243	0.0003837298541826553	0.0003837298541826553	0.0003837298541826553	0.15387567152724477
103	0.5658682634730537	0.0003326679973386559	0.0003326679973386559	0.10013306719893543	0.03359946773120425	0.299733865602129
104	0.4160432252701579	0.16666666666666663	0.0004156275976724854	0.04197838736492103	0.04197838736492103	0.3329177057356608
105	0.1929547844374343	0.15790396074307747	0.12285313704872065	0.1929547844374343	0.07027690150718542	0.2630564318261479
106	0.19400536832687146	0.37294959737548466	0.23874142558902478	0.00014912019087384433	0.015061139278258275	0.17909334923948703
107	0.3526130358191427	0.00029359953024075166	0.11773341162654141	0.3232530827950676	0.11773341162654141	0.08837345860246625
108	0.2075009423294384	0.00018846588767433098	0.00018846588767433098	0.1509611760271391	0.45250659630606865	0.1886543535620053
109	0.00047483380816714163	0.00047483380816714163	0.47530864197530875	0.09544159544159546	0.3328584995251663	0.09544159544159546
110	0.15096117602713907	0.22634753109687145	0.0944214097248398	0.35827365246890314	0.00018846588767433095	0.16980776479457216
111	0.19996669996669997	0.00016650016650016653	0.2998667998667999	0.23326673326673328	0.11671661671661672	0.15001665001665002
112	0.23628768616055215	0.2181256810751907	0.16363966581910644	0.09099164547766074	0.29077370141663644	0.00018162005085361425
113	0.2068549776093696	0.18963141577678264	0.10351360661384773	0.0518429211160868	0.17240785394419564	0.27574922493971754
114	0.5549084858569052	0.19439822518025512	0.028008874098724348	0.0002773155851358846	0.11120354963948972	0.11120354963948972
115	0.4636493228795439	0.0003563791874554527	0.0003563791874554527	0.0003563791874554527	0.32109764789736284	0.21418389166072704
116	0.1333998669328011	0.3330006653359947	0.0003326679973386561	0.0003326679973386561	0.2997338656021291	0.2332002661343979
117	0.3993020937188435	0.15004985044865404	0.19990029910269191	0.0004985044865403789	0.0004985044865403789	0.2497507477567298
118	0.1851441241685144	0.36991869918699183	0.11123429416112342	0.0003695491500369549	0.0003695491500369549	0.33296378418329636
119	0.1311824434981985	0.24582377988863413	0.18031444480838518	0.1311824434981985	0.00016377333770062233	0.3113331149688831
120	0.0003695491500369549	0.11123429416112342	0.5546932742054693	0.33296378418329636	0.0003695491500369549	0.0003695491500369549
121	0.49834162520729686	0.08374792703150913	0.0008291873963515756	0.0008291873963515756	0.16666666666666666	0.24958540630182421
122	0.0004533091568449683	0.2271078875793291	0.0004533091568449683	0.0004533091568449683	0.4084315503173164	0.3631006346328196
123	0.49954607353608715	0.13640490240581024	0.00022696323195642307	0.06831593281888333	0.02292328642759873	0.27258284157966406
124	0.1851441241685144	0.11123429416112342	0.4438285291943828	0.07427937915742792	0.0003695491500369549	0.1851441241685144
125	0.013455901945110578	0.16000532907007725	0.18665067945643485	0.3998134825472955	0.06674660271782573	0.17332800426325606
126	0.15386584741423454	0.17946748591909883	0.17946748591909883	0.17946748591909883	0.15386584741423454	0.15386584741423454
127	0.13711107528615188	0.3063840077381912	0.06456553280670643	0.2177172335966468	0.0887473802998549	0.18547477027244882
128	0.19993346640053225	0.19993346640053225	0.23320026613439784	0.36626746506986024	0.00033266799733865603	0.00033266799733865603
129	0.2332889184987786	0.177770375305352	0.16666666666666666	0.11114812347324006	0.10004441483455474	0.21108150122140795
130	0.00016931933626820184	0.27108025736539115	0.06789705384354892	0.27108025736539115	0.23721639011175075	0.15255672197764983
131	0.26814417924987827	0.17072576716999516	0.19508037018996593	0.2437895762299075	0.12201656113005359	0.00024354603019970778
132	0.20965661776559727	0.17741415444139932	0.16129292277930032	0.22577784942769627	0.13711107528615185	0.08874738029985489
133	0.0024630541871921187	0.0024630541871921187	0.0024630541871921187	0.0024630541871921187	0.9876847290640395	0.0024630541871921187
134	0.10645983850403741	0.3189545261368466	0.17020824479388016	0.04271143221419464	0.3189545261368466	0.04271143221419464
135	0.3866709594333548	0.0003219575016097875	0.09690920798454603	0.06471345782356727	0.0003219575016097875	0.4510624597553123
136	0.12129461584996977	0.00030248033877797946	0.3935269207501513	0.06079854809437387	0.42377495462794923	0.00030248033877797946
137	0.3841135840368381	0.0387567152724482	0.19224865694551035	0.11550268610897928	0.2306216423637759	0.0387567152724482
138	0.1035788024776325	0.41328286304198214	0.1035788024776325	0.17240192704748797	0.1035788024776325	0.1035788024776325
139	0.0004336513443191675	0.1305290546400694	0.17389418907198614	0.1305290546400694	0.2606244579358196	0.30398959236773637
140	0.08341658341658342	0.08341658341658342	0.00016650016650016653	0.16666666666666669	0.5662670662670662	0.10006660006660006
141	0.26911256242796777	0.40357280061467543	0.09623511333077218	0.00019208605455243953	0.09623511333077218	0.13465232424126009
142	0.2437895762299075	0.2437895762299075	0.12201656113005359	0.09766195811008281	0.07330735509011203	0.2194349732099367
143	0.1521927920104212	0.08706035605731655	0.043638732088580115	0.26074685193226227	0.3475900998697352	0.10877116804168477
144	0.33318853171155516	0.0001448016217781639	0.34766869388937155	0.0870257746886765	0.029105125977410943	0.20286707211120764
145	0.03251770766258854	0.225692208628461	0.2900837089504185	0.0003219575016097875	0.09690920798454603	0.354475209272376
146	0.00031191515907673113	0.3122270742358078	0.3746101060511541	0.00031191515907673113	0.00031191515907673113	0.3122270742358078
147	0.00028522532800912725	0.14289788933257275	0.14289788933257275	0.22846548773531092	0.2855105533371364	0.1999429549343982
148	0.2691716317509129	0.16346338650778397	0.13463386507783967	0.22112242936767249	0.057755141264654995	0.15385354603113588
149	0.22574927489526264	0.2740895907186594	0.032388011601675794	0.2740895907186594	0.0646148888172736	0.12906864324846923
150	0.17020824479388016	0.10645983850403741	0.17020824479388016	0.08521036974075649	0.25520611984700386	0.212707182320442
151	0.34903266730098326	0.1111639708214399	0.07944814462416747	0.07944814462416747	0.26974310180780214	0.1111639708214399
152	0.0003119151590767312	0.09388646288209608	0.49937616968184667	0.24984404242046165	0.1562694946974423	0.0003119151590767312
153	0.24979218620116375	0.2082294264339152	0.04197838736492104	0.00041562759767248546	0.08354114713216958	0.41604322527015797
154	0.05567887532371439	0.12967073621901593	0.07417684054753977	0.35164631890492054	0.12967073621901593	0.25915649278579356
155	0.1504510879179197	0.14160622678223952	0.07084733769679816	0.1769856713249602	0.15929594905359987	0.3008137272244826
156	0.1026625704045059	0.1026625704045059	0.07706093189964158	0.46108550947260635	0.1282642089093702	0.1282642089093702
157	0.0889407061958694	0.144459249389296	0.16666666666666663	0.33322229624694644	0.13335554075061068	0.13335554075061068
158	0.1429080541696365	0.24982181040627227	0.0003563791874554526	0.1429080541696365	0.46364932287954386	0.0003563791874554526
159	0.12250305748063596	0.00020383204239706485	0.14288626172034244	0.3263350998777008	0.18365267019975542	0.22441907867916838
160	0.0004533091568449684	0.0004533091568449684	0.1817769718948323	0.27243880326382597	0.36310063463281966	0.1817769718948323
161	0.28537511870845206	0.3328584995251662	0.0004748338081671415	0.09544159544159543	0.28537511870845206	0.0004748338081671415
162	0.19115486335586246	0.11769027328827504	0.2793123714369674	0.04422568322068762	0.3380840434910373	0.02953276520717014
163	0.00029359953024075166	0.02965355255431592	0.26453317674691723	0.3819729888432179	0.14709336465061656	0.17645331767469175
164	0.00030248033877797946	0.12129461584996977	0.24228675136116154	0.3027828191167575	0.18179068360556566	0.1515426497277677
165	0.0003326679973386561	0.2997338656021291	0.0003326679973386561	0.16666666666666669	0.2997338656021291	0.2332002661343979
166	0.23994138022915001	0.21329602984279245	0.026778577138289364	0.22661870503597123	0.13335997868371968	0.16000532907007725
167	0.1429080541696365	0.0003563791874554527	0.0003563791874554527	0.6418389166072703	0.10727013542409125	0.10727013542409125
168	0.00012490632025980513	0.08755933050212339	0.4248063952035972	0.19997501873594803	0.19997501873594803	0.08755933050212339
169	0.20986587673825394	0.14815271949312928	0.1563811404591459	0.17695219287418745	0.16872377190817084	0.13992429852711266
170	0.0003837298541826555	0.2689946277820415	0.0003837298541826555	0.19224865694551038	0.42248656945510366	0.11550268610897929
171	0.2855105533371364	0.00028522532800912725	0.3140330861380491	0.08585282373074729	0.1999429549343982	0.11437535653166002
172	0.17498751872191715	0.24987518721917126	0.07513729405891163	0.07513729405891163	0.10009985022466301	0.3247628557164254
173	0.5617592014971927	0.09388646288209605	0.00031191515907673113	0.00031191515907673113	0.15626949469744228	0.18746101060511539
174	0.20924291686019508	0.18601950766372505	0.20924291686019508	0.23246632605666515	0.00023223409196470045	0.162796098467255
175	0.04197838736492104	0.12510390689941814	0.33291770573566093	0.00041562759767248557	0.16666666666666669	0.33291770573566093
176	0.5897552130553037	0.2724388032638259	0.04578422484134179	0.0004533091568449682	0.0004533091568449682	0.0911151405258386
177	0.36778593913955915	0.0005246589716684153	0.6301154249737668	0.0005246589716684153	0.0005246589716684153	0.0005246589716684153
178	0.0003837298541826554	0.38411358403683804	0.3073676132003069	0.3073676132003069	0.0003837298541826554	0.0003837298541826554
179	0.04197838736492103	0.08354114713216956	0.5407315045719036	0.0004156275976724854	0.16666666666666663	0.16666666666666663
180	0.0003563791874554526	0.03599429793300071	0.35673556664290806	0.35673556664290806	0.24982181040627227	0.0003563791874554526
181	0.1817769718948323	0.0004533091568449684	0.22710788757932915	0.27243880326382597	0.1817769718948323	0.13644605621033548
182	0.13052905464006936	0.26062445793581956	0.3039895923677363	0.13052905464006936	0.0004336513443191674	0.1738941890719861
183	0.45760598503740635	0.16666666666666663	0.3744804655029093	0.00041562759767248535	0.00041562759767248535	0.00041562759767248535
184	0.0910465819721718	0.27253478523895946	0.1817906836055656	0.0003024803387779794	0.30278281911675736	0.15154264972776768
185	0.027253103076092827	0.3510523475445224	0.00026983270372369137	0.2970858067997842	0.1621694549379385	0.1621694549379385
186	0.00026983270372369137	0.08121964382083109	0.48596869940636817	0.13518618456556936	0.08121964382083109	0.21613599568267677
187	0.28558687120941856	0.10720656439529076	0.23207277916518018	0.07153050303246522	0.07153050303246522	0.23207277916518018
188	0.3632788868723533	0.12129461584996977	0.06079854809437387	0.12129461584996977	0.06079854809437387	0.2725347852389595
189	0.22209903917220994	0.00036954915003695497	0.25905395417590543	0.00036954915003695497	0.36991869918699194	0.14818920916481895
190	0.5444242973708068	0.31776971894832273	0.0004533091568449682	0.13644605621033543	0.0004533091568449682	0.0004533091568449682
191	0.0002852253280091272	0.08585282373074728	0.2569880205362236	0.0002852253280091272	0.5136908157444381	0.14289788933257272
192	0.0003563791874554527	0.2498218104062723	0.07163221667854598	0.1785459729151818	0.07163221667854598	0.42801140413399863
193	0.18665067945643482	0.1999733546496136	0.13335997868371965	0.29323208100186515	0.10671462829736209	0.08006927791100452
194	0.4576059850374065	0.00041562759767248546	0.04197838736492104	0.2913549459684123	0.16666666666666666	0.04197838736492104
195	0.356735566642908	0.17854597291518173	0.07163221667854595	0.214183891660727	0.03599429793300071	0.14290805416963648
196	0.4162506932889629	0.02800887409872435	0.16666666666666669	0.08347199112590128	0.13893510815307822	0.16666666666666669
197	0.04197838736492104	0.2082294264339152	0.16666666666666666	0.00041562759767248546	0.5407315045719036	0.04197838736492104
198	0.0003119151590767312	0.21865252651278855	0.0003119151590767312	0.0003119151590767312	0.7800998128509047	0.0003119151590767312
199	0.11437535653166002	0.3996006845407873	0.00028522532800912725	0.11437535653166002	0.3710781517398746	0.00028522532800912725
200	0.00039904229848363934	0.23982442138866725	0.3196328810853951	0.00039904229848363934	0.23982442138866725	0.1999201915403033
201	0.09101225601452566	0.2044938719927372	0.15910122560145257	0.2952791647753064	0.022923286427598732	0.2271901951883795
202	0.0004985044865403789	0.0004985044865403789	0.6984047856430708	0.0004985044865403789	0.0004985044865403789	0.2996011964107677
203	0.23062164236377594	0.0003837298541826555	0.11550268610897929	0.15387567152724485	0.42248656945510366	0.07712970069071375
204	0.4753086419753085	0.00047483380816714136	0.5227920227920226	0.00047483380816714136	0.00047483380816714136	0.00047483380816714136
205	0.11370857921016796	0.15910122560145257	0.06831593281888335	0.2044938719927372	0.11370857921016796	0.34067181116659107
206	0.13337771859742567	0.3331114070128718	0.1999556147359077	0.0889924545051043	0.24434087882822905	0.00022192632046160677
207	0.0933919531041833	0.3065547561950439	0.3198774313882227	0.16000532907007722	0.06674660271782572	0.05342392752464693
208	0.144459249389296	0.05562958027981345	0.144459249389296	0.21108150122140792	0.21108150122140792	0.23328891849877856
209	0.25788795878943976	0.0003219575016097875	0.25788795878943976	0.12910495814552478	0.0003219575016097875	0.354475209272376
210	0.19044222539229674	0.11911554921540657	0.2142177841179268	0.14289110794103663	0.09533999048977651	0.23799334284355683
211	0.2748377433849226	0.15002496255616574	0.0002496255616575137	0.0002496255616575137	0.12506240639041435	0.44957563654518223
212	0.14585934248855598	0.0626300457761132	0.000208073241781107	0.041822721598002495	0.4579692051602165	0.2915106117353309
213	0.14755977726826072	0.06567310841794956	0.1311824434981985	0.08205044218801179	0.3932197838191943	0.1803144448083852
214	0.7262552934059286	0.0003024803387779794	0.06079854809437386	0.0003024803387779794	0.1817906836055656	0.03055051421657592
215	0.3329177057356609	0.2913549459684123	0.00041562759767248546	0.1251039068994181	0.2082294264339152	0.04197838736492104
216	0.16666666666666669	0.00041562759767248557	0.04197838736492104	0.20822942643391523	0.33291770573566093	0.2497921862011638
217	0.15002496255616576	0.44957563654518234	0.05017473789316026	0.15002496255616576	0.05017473789316026	0.15002496255616576
218	0.0004985044865403788	0.1999002991026919	0.29960119641076766	0.4990029910269192	0.0004985044865403788	0.0004985044865403788
219	0.0004156275976724854	0.37448046550290937	0.16666666666666663	0.1251039068994181	0.0004156275976724854	0.3329177057356608
220	0.0001233654083395016	0.345546508758944	0.04946952874414014	0.14816185541574142	0.09881569207994077	0.3578830495928942
221	0.2099740155906456	0.14001599040575652	0.08005196881870875	0.28992604437337594	0.13002198680791524	0.15000999400359782
222	0.03251770766258854	0.00032195750160978755	0.3544752092723761	0.38667095943335483	0.22569220862846104	0.00032195750160978755
223	0.3444597384721266	0.2412250516173434	0.10357880247763247	0.1379903647625602	0.00034411562284927734	0.17240192704748794
224	0.16260360799609946	0.06509019990248659	0.12197302129042743	0.18698196001950268	0.11384690394929302	0.3495043068421908
225	0.15910122560145257	0.1817975487970949	0.2952791647753064	0.13640490240581027	0.0002269632319564231	0.2271901951883795
226	0.1495423127218382	0.1495423127218382	0.23360732299645057	0.11218008593312159	0.17756398281337565	0.17756398281337565
227	0.2996011964107677	0.0004985044865403789	0.2497507477567298	0.2497507477567298	0.15004985044865404	0.050348953140578266
228	0.0002773155851358846	0.11120354963948972	0.0002773155851358846	0.19439822518025512	0.24986134220743203	0.4439822518025513
229	0.0002935995302407516	0.0002935995302407516	0.0002935995302407516	0.6462125660598943	0.35261303581914266	0.0002935995302407516
230	0.22212978369384362	0.3330560177481975	0.13893510815307822	0.24986134220743209	0.00027731558513588466	0.05574043261231281
231	0.36626746506986024	0.00033266799733865603	0.00033266799733865603	0.10013306719893544	0.00033266799733865603	0.5326014637391883
232	0.2451941198643046	0.03788164342254052	0.1509611760271391	0.2451941198643046	0.16980776479457219	0.1509611760271391
233	0.033599467731204265	0.36626746506986035	0.2997338656021291	0.06686626746506986	0.1333998669328011	0.10013306719893547
234	0.09761150377772361	0.34133560809164026	0.21947355593468196	0.10979770899341944	0.1707287350718986	0.06105288813063611
235	0.2785784474287586	0.14755977726826072	0.00016377333770062233	0.2785784474287586	0.09842777595807402	0.1966917785784474
236	0.18514412416851445	0.00036954915003695497	0.22209903917220994	0.07427937915742794	0.4068736141906874	0.11123429416112345
237	0.00028522532800912725	0.08585282373074729	0.22846548773531092	0.3996006845407873	0.1999429549343982	0.08585282373074729
238	0.06831593281888335	0.24988651838402182	0.1817975487970949	0.11370857921016796	0.3179754879709487	0.06831593281888335
239	0.08354114713216956	0.08354114713216956	0.49916874480465495	0.20822942643391518	0.0004156275976724854	0.1251039068994181
240	0.7131147540983604	0.0003563791874554525	0.0003563791874554525	0.0003563791874554525	0.0003563791874554525	0.28545972915181744
241	0.27740863787375414	0.055924695459579184	0.16666666666666666	0.0005537098560354375	0.49889258028792915	0.0005537098560354375
242	0.2412250516173434	0.37887130075705433	0.2756366139022711	0.00034411562284927734	0.03475567790777701	0.06916724019270473
243	0.13980227810015042	0.12905652267354392	0.3439716312056737	0.09681925639372446	0.03234472383408553	0.2580055877928218
244	0.21050324390671576	0.09652814308258811	0.10529545853059792	0.28940908293880413	0.18420129756268633	0.11406277397860774
245	0.00041562759767248535	0.5407315045719034	0.12510390689941808	0.00041562759767248535	0.33291770573566076	0.00041562759767248535
246	0.1523891109841995	0.2570911859889587	0.21901770416904623	0.06672377688939653	0.07624214734437462	0.22853607462402434
247	0.353932584269663	0.08343736995422389	0.10424469413233459	0.16666666666666669	0.14585934248855598	0.14585934248855598
248	0.0003563791874554527	0.3567355666429081	0.2498218104062723	0.10727013542409125	0.21418389166072704	0.07163221667854598
249	0.00035637918745545257	0.214183891660727	0.3210976478973628	0.24982181040627224	0.00035637918745545257	0.214183891660727
250	0.048952752070141256	0.14637116415002438	0.26814417924987827	0.2194349732099367	0.12201656113005359	0.19508037018996593
251	0.02521218172740889	0.10009985022466301	0.34972541188217676	0.299800299550674	0.05017473789316026	0.17498751872191715
252	0.0003441156228492774	0.17240192704748797	0.24122505161734342	0.2068134893324157	0.34445973847212663	0.03475567790777701
253	0.16666666666666666	0.08347199112590127	0.028008874098724348	0.0002773155851358846	0.19439822518025512	0.5271769273433167
254	0.3331483536810951	0.18516463189049204	0.0001849796522382538	0.24065852756196818	0.1296707362190159	0.11117277099519052
255	0.08343736995422389	0.5203911776945486	0.22908863920099878	0.0626300457761132	0.000208073241781107	0.10424469413233459
256	0.19439822518025515	0.13893510815307822	0.08347199112590128	0.30532445923460905	0.13893510815307822	0.13893510815307822
257	0.0004985044865403789	0.49900299102691925	0.15004985044865404	0.0004985044865403789	0.0004985044865403789	0.3494516450648056
258	0.08347199112590127	0.33305601774819743	0.11120354963948972	0.0002773155851358846	0.0002773155851358846	0.4717138103161398
259	0.23517322372284208	0.3232530827950676	0.14709336465061656	0.11773341162654141	0.17645331767469175	0.00029359953024075166
260	0.3452597166727207	0.16363966581910644	0.09099164547766074	0.16363966581910644	0.00018162005085361425	0.23628768616055215
261	0.19508037018996588	0.24378957622990743	0.2681441792498782	0.00024354603019970773	0.0976619581100828	0.19508037018996588
262	0.23517322372284202	0.2645331767469172	0.0002935995302407516	0.35261303581914266	0.029653552554315912	0.11773341162654138
263	0.0003219575016097875	0.5154539600772698	0.12910495814552478	0.2900837089504185	0.0003219575016097875	0.06471345782356727
264	0.3330308529945553	0.0910465819721718	0.27253478523895946	0.0003024803387779794	0.1817906836055656	0.12129461584996974
265	0.22846548773531086	0.08585282373074728	0.34255561893896175	0.0002852253280091272	0.14289788933257272	0.19994295493439815
266	0.1851441241685144	0.1851441241685144	0.037324464153732445	0.4438285291943828	0.037324464153732445	0.11123429416112342
267	0.1914577135571611	0.23395665108372293	0.14895877603059923	0.06396090097747556	0.12770930726731833	0.23395665108372293
268	0.00017525411847178407	0.12285313704872064	0.15790396074307744	0.2455310199789695	0.08780231335436382	0.3857343147563968
269	0.23982442138866716	0.23982442138866716	0.23982442138866716	0.19992019154030324	0.00039904229848363923	0.08020750199521148
270	0.07163221667854595	0.356735566642908	0.214183891660727	0.356735566642908	0.00035637918745545257	0.00035637918745545257
271	0.1251039068994181	0.1251039068994181	0.29135494596841227	0.37448046550290937	0.0004156275976724854	0.08354114713216956
272	0.04667905248490478	0.34858337203901535	0.2556897352531352	0.06990246168137483	0.162796098467255	0.11634928007431491
273	0.0626300457761132	0.2915106117353309	0.6036204744069914	0.041822721598002495	0.000208073241781107	0.000208073241781107
274	0.05733029092983457	0.3425556189389618	0.00028522532800912725	0.14289788933257275	0.45664575014261277	0.00028522532800912725
275	0.0006226650062266502	0.24968866749688667	0.3119551681195517	0.06288916562889166	0.24968866749688667	0.12515566625155666
276	0.14494642339994207	0.2607877208224732	0.15942658557775846	0.21734723428902403	0.1015059368664929	0.11598609904430929
277	0.00033266799733865603	0.16666666666666666	0.3995342648037259	0.10013306719893546	0.3330006653359947	0.00033266799733865603
278	0.2044938719927372	0.045619609623241034	0.0002269632319564231	0.24988651838402182	0.3633681343622334	0.13640490240581027
279	0.00021710811984368216	0.26074685193226227	0.17390360399478938	0.4127225358228398	0.13048198002605296	0.021927920104211896
280	0.1621694549379385	0.2970858067997842	0.05423637344846195	0.18915272531030763	0.08121964382083109	0.21613599568267677
281	0.00039904229848363934	0.4393455706304869	0.00039904229848363934	0.23982442138866725	0.12011173184357543	0.1999201915403033
282	0.11118508655126498	0.37749667110519314	0.04460719041278296	0.24434087882822905	0.04460719041278296	0.17776298268974702
283	0.24984404242046165	0.40580162195882724	0.0003119151590767312	0.1562694946974423	0.09388646288209608	0.09388646288209608
284	0.037324464153732445	0.0003695491500369549	0.14818920916481892	0.2220990391722099	0.14818920916481892	0.44382852919438287
285	0.09690920798454604	0.16130070830650353	0.19349645846748229	0.2900837089504186	0.2578879587894398	0.00032195750160978755
286	0.3177697189483228	0.45376246600181325	0.0004533091568449683	0.13644605621033545	0.09111514052583862	0.0004533091568449683
287	0.29719146637861193	0.12165811504185794	0.2566837699162841	0.1756683769916284	0.14866324601674316	0.00013502565487442613
288	0.21613599568267677	0.1621694549379385	0.27010253642741505	0.10820291419320023	0.24311926605504589	0.00026983270372369137
289	0.000208073241781107	0.1250520183104453	0.31231793591344154	0.14585934248855598	0.24989596337910946	0.16666666666666669
290	0.07427937915742794	0.18514412416851445	0.22209903917220994	0.18514412416851445	0.14818920916481895	0.18514412416851445
291	0.00024354603019970773	0.24378957622990743	0.1707257671699951	0.43862640038967365	0.00024354603019970773	0.14637116415002435
292	0.12510390689941814	0.16666666666666669	0.33291770573566093	0.20822942643391523	0.08354114713216959	0.08354114713216959
293	0.00029359953024075166	0.00029359953024075166	0.2938931297709924	0.23517322372284208	0.47005284791544344	0.00029359953024075166
294	0.0003837298541826555	0.42248656945510366	0.0003837298541826555	0.0003837298541826555	0.23062164236377594	0.3457405986185726
295	0.09111514052583863	0.1817769718948323	0.36310063463281966	0.0004533091568449684	0.09111514052583863	0.27243880326382597
296	0.1739036039947894	0.26074685193226227	0.0002171081198436822	0.1521927920104212	0.08706035605731655	0.32587928788536696
297	0.14292497625830958	0.09544159544159543	0.0004748338081671415	0.04795821462488129	0.0004748338081671415	0.7127255460588794
298	0.145477660733745	0.38158372684344355	0.00018162005085361425	0.0728296403922993	0.21812568107519067	0.18180167090446783
299	0.30278281911675736	0.2422867513611615	0.1817906836055656	0.0003024803387779794	0.03055051421657592	0.2422867513611615
300	0.11437535653165999	0.37107815173987446	0.14289788933257272	0.14289788933257272	0.0002852253280091272	0.22846548773531086
301	0.3039895923677363	0.13052905464006936	0.0004336513443191674	0.26062445793581956	0.0437987857762359	0.26062445793581956
302	0.0004336513443191675	0.043798785776235916	0.43408499566348663	0.0004336513443191675	0.3907198612315699	0.1305290546400694
303	0.22209903917220994	0.11123429416112345	0.18514412416851445	0.03732446415373245	0.14818920916481895	0.29600886917960095
304	0.1817975487970949	0.24988651838402182	0.045619609623241034	0.06831593281888335	0.2044938719927372	0.24988651838402182
305	0.00038372985418265546	0.2306216423637759	0.00038372985418265546	0.6910974673829625	0.07712970069071373	0.00038372985418265546
306	0.09544159544159543	0.3328584995251662	0.3328584995251662	0.14292497625830958	0.09544159544159543	0.0004748338081671415
307	0.14290805416963648	0.2854597291518175	0.214183891660727	0.3210976478973628	0.00035637918745545257	0.03599429793300071
308	0.0003119151590767312	0.0003119151590767312	0.4681846537741735	0.4681846537741735	0.06269494697442296	0.0003119151590767312
309	0.3330560177481975	0.19439822518025515	0.00027731558513588466	0.360787576261786	0.05574043261231281	0.05574043261231281
310	0.31963288108539506	0.04030327214684757	0.04030327214684757	0.2797286512370311	0.31963288108539506	0.0003990422984836393
311	0.1429080541696365	0.1429080541696365	0.0003563791874554527	0.1785459729151818	0.28545972915181755	0.2498218104062723
312	0.19994295493439815	0.22846548773531086	0.2855105533371363	0.0002852253280091272	0.2855105533371363	0.0002852253280091272
313	0.3886422493525713	0.12967073621901593	0.07417684054753977	0.07417684054753977	0.22216056233814283	0.11117277099519053
314	0.21725932350390278	0.43408499566348646	0.21725932350390278	0.00043365134431916727	0.13052905464006934	0.00043365134431916727
315	0.21209368059761757	0.1616192206743388	0.06067030082778113	0.1616192206743388	0.24237835655158488	0.1616192206743388
316	0.17240192704748794	0.3444597384721266	0.37887130075705433	0.03475567790777701	0.00034411562284927734	0.06916724019270473
317	0.0004336513443191674	0.39071986123156977	0.08716392020815263	0.52081526452732	0.0004336513443191674	0.0004336513443191674
318	0.03150343106674984	0.2186525265127885	0.2810355583281347	0.3434185901434809	0.03150343106674984	0.09388646288209605
